 12.536 11.804 11.564 11.506 11.473
 12.800 12.091 11.854 11.784 11.741
 13.220 12.531 12.302 12.236 12.195
 13.240 12.580 12.365 12.305 12.266
 13.200 12.583 12.387 12.335 12.300
 12.800 12.387 12.282 12.268 12.253
 12.800 12.424 12.336 12.329 12.318
 12.860 12.515 12.441 12.440 12.431
 12.920 12.566 12.509 12.509 12.501
 13.300 12.928 12.864 12.848 12.857
 13.500 13.146 13.055 13.059 13.068
 13.700 13.345 13.250 13.259 13.263
 13.900 13.544 13.454 13.448 13.448
 14.100 13.737 13.638 13.629 13.625
 14.300 13.927 13.817 13.803 13.794
 14.500 14.107 13.990 13.970 13.958
 14.700 14.283 14.158 14.132 14.115
 14.900 14.455 14.321 14.289 14.265
 15.100 14.628 14.481 14.439 14.411
 15.300 14.798 14.636 14.586 14.552
 15.500 14.970 14.787 14.727 14.688
 15.700 15.139 14.934 14.865 14.818
 15.900 15.305 15.079 14.998 14.946
 16.100 15.464 15.221 15.127 15.069
 16.300 15.615 15.360 15.254 15.189
 16.500 15.769 15.497 15.378 15.306
 16.700 15.921 15.632 15.499 15.420
 16.900 16.077 15.765 15.618 15.532
 17.100 16.228 15.896 15.734 15.641
 17.300 16.379 16.026 15.850 15.749
 17.500 16.527 16.155 15.963 15.855
 17.700 16.681 16.284 16.076 15.961
 17.900 16.843 16.413 16.189 16.066
 18.100 17.008 16.542 16.300 16.170
 18.300 17.170 16.671 16.412 16.275
 18.500 17.334 16.802 16.525 16.380
 18.700 17.507 16.933 16.638 16.485
 18.900 17.687 17.065 16.751 16.592
 19.100 17.870 17.199 16.867 16.700
 19.300 18.057 17.335 16.983 16.810
 19.500 18.249 17.472 17.102 16.922
 19.700 18.447 17.613 17.223 17.036
 19.900 18.648 17.756 17.347 17.153
 20.100 18.849 17.901 17.474 17.273
 20.300 19.050 18.052 17.605 17.397
 20.500 19.251 18.205 17.738 17.524
 20.700 19.451 18.362 17.876 17.656
 20.900 19.652 18.523 18.018 17.792
 21.100 19.852 18.689 18.164 17.933
 21.300 20.053 18.860 18.316 18.079
 21.500 20.252 19.036 18.473 18.231
 21.700 20.452 19.217 18.635 18.389
 21.900 20.651 19.405 18.804 18.552
