 14.000 13.256 12.965 12.777 12.773
 14.200 13.495 13.182 13.007 13.012
 14.400 13.722 13.399 13.230 13.241
 14.600 13.938 13.616 13.447 13.458
 14.800 14.144 13.832 13.655 13.665
 15.100 14.453 14.150 13.976 13.982
 15.240 14.600 14.300 14.128 14.135
 15.360 14.734 14.440 14.272 14.281
 15.440 14.828 14.540 14.376 14.388
 15.450 14.859 14.580 14.422 14.437
 15.400 14.852 14.590 14.445 14.466
 15.270 14.785 14.550 14.423 14.455
 15.150 14.707 14.490 14.375 14.414
 15.110 14.716 14.520 14.419 14.466
 15.150 14.777 14.590 14.495 14.545
 15.300 14.951 14.773 14.668 14.740
 15.500 15.144 14.969 14.887 14.945
 15.700 15.344 15.168 15.078 15.128
 15.900 15.529 15.355 15.258 15.309
 16.100 15.721 15.535 15.435 15.482
 16.300 15.906 15.708 15.609 15.654
 16.500 16.092 15.882 15.777 15.818
 16.700 16.272 16.050 15.939 15.976
 16.900 16.447 16.213 16.095 16.128
 17.100 16.617 16.371 16.246 16.273
 17.300 16.782 16.524 16.391 16.413
 17.500 16.944 16.673 16.532 16.547
 17.700 17.104 16.818 16.668 16.677
 17.900 17.261 16.959 16.799 16.802
 18.100 17.416 17.096 16.927 16.922
 18.300 17.570 17.232 17.052 17.039
 18.500 17.722 17.363 17.173 17.152
 18.700 17.875 17.494 17.290 17.262
 18.900 18.028 17.621 17.406 17.369
 19.100 18.181 17.748 17.518 17.474
 19.300 18.336 17.874 17.629 17.576
 19.500 18.493 17.999 17.738 17.677
 19.700 18.652 18.123 17.845 17.777
 19.900 18.814 18.247 17.951 17.875
 20.100 18.979 18.372 18.056 17.972
 20.300 19.149 18.497 18.160 18.069
 20.500 19.324 18.623 18.264 18.167
 20.700 19.504 18.751 18.368 18.265
 20.900 19.690 18.880 18.472 18.363
 21.100 19.881 19.011 18.576 18.462
 21.300 20.079 19.145 18.681 18.562
