 12.700 11.848 11.454 11.218 11.085
 12.900 12.093 11.734 11.512 11.401
 13.100 12.331 12.001 11.791 11.694
 13.300 12.566 12.255 12.058 11.970
 13.500 12.797 12.501 12.316 12.235
 13.700 13.025 12.742 12.569 12.491
 13.900 13.249 12.979 12.815 12.741
 14.100 13.472 13.211 13.057 12.985
 14.300 13.693 13.441 13.295 13.225
 14.500 13.912 13.668 13.530 13.462
 14.700 14.131 13.894 13.763 13.696
 14.900 14.348 14.118 13.993 13.928
 15.100 14.563 14.341 14.221 14.159
 15.300 14.778 14.562 14.447 14.387
 15.500 14.991 14.782 14.672 14.614
 15.700 15.205 15.002 14.895 14.840
 15.900 15.417 15.221 15.118 15.065
 16.100 15.628 15.440 15.339 15.289
 16.300 15.839 15.657 15.559 15.512
 16.500 16.050 15.875 15.778 15.735
 16.700 16.261 16.092 15.997 15.957
 16.900 16.470 16.308 16.216 16.178
 17.100 16.679 16.524 16.433 16.399
 17.300 16.888 16.740 16.650 16.620
 17.600 17.200 17.063 16.974 16.950
 17.700 17.305 17.170 17.082 17.059
 17.800 17.417 17.283 17.204 17.179
 17.900 17.535 17.409 17.336 17.321
 18.000 17.661 17.552 17.491 17.479
 18.100 17.801 17.716 17.670 17.664
 18.200 17.933 17.871 17.829 17.842
 18.300 18.056 18.010 17.977 17.988
 18.400 18.169 18.134 18.105 18.120
 18.500 18.276 18.244 18.220 18.238
 18.600 18.383 18.349 18.326 18.348
 18.800 18.583 18.548 18.528 18.553
 19.000 18.775 18.742 18.723 18.743
 19.200 18.968 18.932 18.903 18.920
 19.400 19.156 19.117 19.080 19.097
 19.600 19.341 19.298 19.253 19.268
 19.800 19.525 19.475 19.423 19.435
 20.000 19.705 19.648 19.588 19.597
 20.200 19.885 19.818 19.750 19.751
 20.400 20.061 19.986 19.908 19.897
 20.600 20.235 20.150 20.062    NaN
 20.800 20.408 20.311 20.214    NaN
 21.000 20.580 20.469 20.362    NaN
 21.200 20.750 20.626 20.507    NaN
 21.400 20.919 20.780 20.648    NaN
 21.600 21.087 20.933 20.787    NaN
 21.800 21.255 21.085 20.923    NaN
 22.000 21.422 21.234 21.056    NaN
 22.200 21.589 21.383    NaN    NaN
 22.400 21.754 21.529    NaN    NaN
