 15.300 14.276 13.853 13.648 13.531
 15.500 14.522 14.115 13.923 13.811
 15.700 14.765 14.375 14.194 14.087
 15.900 15.006 14.631 14.462 14.359
 16.100 15.245 14.884 14.725 14.627
 16.300 15.481 15.135 14.986 14.892
 16.500 15.716 15.382 15.242 15.153
 16.700 15.947 15.628 15.495 15.410
 16.900 16.178 15.870 15.745 15.665
 17.100 16.405 16.110 15.991 15.915
 17.300 16.632 16.346 16.234 16.162
 17.500 16.856 16.582 16.475 16.407
 17.700 17.078 16.813 16.712 16.648
 17.900 17.299 17.044 16.947 16.886
 18.100 17.518 17.271 17.178 17.122
 18.300 17.735 17.497 17.408 17.354
 18.500 17.950 17.720 17.634 17.584
 18.700 18.164 17.941 17.859 17.811
 18.900 18.376 18.161 18.080 18.036
 19.100 18.587 18.378 18.300 18.257
 19.300 18.796 18.593 18.516 18.477
 19.500 19.004 18.806 18.732 18.694
 19.600 19.109 18.909 18.842 18.799
 19.700 19.220 19.026 18.953 18.901
 19.800 19.326 19.136 19.064 19.014
 19.900 19.441 19.258 19.189 19.142
 19.970 19.533 19.361 19.296 19.254
 19.980 19.581 19.429 19.371 19.339
 19.950 19.640 19.532 19.490 19.480
 20.000 19.714 19.619 19.582 19.577
 20.100 19.830 19.743 19.709 19.708
 20.300 20.034 19.957 19.930 19.927
 20.500 20.241 20.164 20.142 20.140
 20.700 20.434 20.360 20.343 20.325
 20.900 20.623 20.547 20.539 20.475
 21.100 20.810 20.727 20.725 20.601
 21.300 20.991 20.910 20.895    NaN
 21.500 21.170 21.085    NaN    NaN
 21.700 21.346 21.255    NaN    NaN
 21.900 21.523 21.421    NaN    NaN
