 12.500 11.334 10.922 10.559 10.523
 12.700 11.649 11.238 10.943 10.908
 12.900 11.940 11.538 11.291 11.258
 13.100 12.213 11.825 11.611 11.579
 13.300 12.474 12.102 11.912 11.880
 13.500 12.724 12.370 12.198 12.165
 13.700 12.967 12.630 12.471 12.439
 13.900 13.205 12.883 12.735 12.703
 14.100 13.437 13.130 12.991 12.960
 14.300 13.665 13.373 13.241 13.210
 14.500 13.890 13.612 13.485 13.456
 14.700 14.113 13.846 13.724 13.696
 14.900 14.333 14.078 13.961 13.934
 15.100 14.551 14.306 14.193 14.167
 15.300 14.768 14.531 14.423 14.398
 15.500 14.983 14.755 14.650 14.628
 15.700 15.196 14.976 14.875 14.854
 15.900 15.408 15.195 15.099 15.079
 16.100 15.620 15.413 15.320 15.303
 16.300 15.831 15.630 15.540 15.525
 16.500 16.041 15.844 15.759 15.746
 16.700 16.250 16.058 15.977 15.965
 16.900 16.459 16.270 16.193 16.184
 17.100 16.667 16.481 16.409 16.402
 17.400 16.977 16.796 16.730 16.727
 17.500 17.081 16.901 16.837 16.835
 17.600 17.186 17.014 16.947 16.946
 17.700 17.292 17.123 17.060 17.063
 17.800 17.402 17.235 17.177 17.183
 17.900 17.521 17.361 17.311 17.319
 18.000 17.652 17.508 17.470 17.481
 18.100 17.797 17.680 17.655 17.685
 18.200 17.927 17.831 17.813 17.850
 18.300 18.044 17.954 17.945 17.987
 18.400 18.157 18.073 18.068 18.106
 18.600 18.365 18.288 18.286 18.324
 18.800 18.562 18.487 18.485 18.525
 19.000 18.757 18.675 18.670 18.709
 19.200 18.947 18.859 18.851 18.891
 19.400 19.135 19.041 19.028 19.067
 19.600 19.320 19.218 19.201 19.238
 19.800 19.503 19.392 19.370 19.405
 20.000 19.683 19.562 19.534 19.566
 20.200 19.860 19.729 19.694 19.721
 20.400 20.035 19.893 19.851 19.872
 20.600 20.208 20.054 20.004 20.017
 20.800 20.379 20.212 20.154 20.158
 21.000 20.548 20.368 20.300 20.293
 21.200 20.716 20.521 20.443 20.423
 21.400 20.882 20.671 20.583 20.548
 21.600 21.047 20.820 20.720    NaN
 21.800 21.210 20.966 20.854    NaN
 22.000 21.373 21.111 20.985    NaN
 22.200 21.534 21.254 21.114    NaN
 22.400 21.695 21.394 21.240    NaN
