 13.200 12.102 11.601 11.435 11.322
 13.400 12.379 11.912 11.740 11.630
 13.600 12.645 12.207 12.032 11.925
 13.800 12.901 12.488 12.312 12.209
 14.000 13.149 12.758 12.583 12.483
 14.200 13.392 13.018 12.847 12.750
 14.400 13.629 13.272 13.103 13.011
 14.600 13.862 13.519 13.355 13.265
 14.800 14.091 13.762 13.601 13.515
 15.000 14.317 13.999 13.843 13.761
 15.200 14.541 14.234 14.082 14.003
 15.400 14.762 14.465 14.318 14.242
 15.600 14.982 14.693 14.551 14.479
 15.800 15.199 14.919 14.782 14.712
 16.000 15.415 15.144 15.011 14.944
 16.200 15.630 15.366 15.238 15.173
 16.400 15.843 15.587 15.462 15.401
 16.600 16.056 15.806 15.686 15.627
 16.800 16.267 16.024 15.908 15.852
 17.000 16.478 16.241 16.129 16.075
 17.200 16.688 16.457 16.349 16.297
 17.400 16.897 16.672 16.567 16.519
 17.600 17.106 16.886 16.786 16.739
 17.800 17.313 17.099 17.002 16.958
 18.000 17.521 17.312 17.219 17.176
 18.200 17.728 17.524 17.434 17.394
 18.300 17.832 17.630 17.542 17.504
 18.400 17.939 17.741 17.658 17.620
 18.500 18.047 17.852 17.778 17.741
 18.600 18.166 17.982 17.908 17.878
 18.700 18.294 18.121 18.050 18.033
 18.800 18.430 18.275 18.221 18.206
 18.900 18.561 18.431 18.386 18.379
 19.000 18.689 18.576 18.540 18.535
 19.100 18.804 18.701 18.669 18.672
 19.200 18.912 18.816 18.783 18.791
 19.400 19.118 19.029 19.000 19.014
 19.600 19.318 19.223 19.194 19.207
 19.800 19.509 19.410 19.380 19.392
 20.000 19.699 19.594 19.563 19.573
 20.200 19.888 19.775 19.742 19.747
 20.400 20.074 19.954 19.916 19.916
 20.600 20.258 20.129 20.086 20.077
 20.800 20.441 20.301 20.251 20.232
 21.000 20.622 20.471 20.411 20.377
 21.200 20.801 20.638 20.565    NaN
 21.400 20.978 20.802 20.714    NaN
 21.600 21.153 20.962 20.859    NaN
 21.800 21.325 21.121    NaN    NaN
 22.000 21.496 21.277    NaN    NaN
 22.200 21.665 21.430    NaN    NaN
 22.400 21.832 21.581    NaN    NaN
 22.600 21.996 21.730    NaN    NaN
 22.800 22.159 21.876    NaN    NaN
 23.000 22.318 22.017    NaN    NaN
