 13.600 12.376 11.857 11.559 11.418
 13.800 12.720 12.247 12.000 11.864
 14.000 13.030 12.595 12.384 12.252
 14.200 13.310 12.907 12.718 12.592
 14.400 13.574 13.196 13.024 12.903
 14.600 13.825 13.470 13.309 13.194
 14.800 14.067 13.731 13.580 13.471
 15.000 14.303 13.983 13.840 13.736
 15.200 14.533 14.228 14.092 13.993
 15.400 14.760 14.467 14.337 14.243
 15.600 14.983 14.703 14.578 14.487
 15.800 15.204 14.934 14.815 14.728
 16.000 15.423 15.162 15.048 14.965
 16.200 15.639 15.388 15.277 15.198
 16.400 15.854 15.612 15.505 15.430
 16.600 16.069 15.834 15.731 15.660
 16.800 16.282 16.054 15.955 15.887
 17.000 16.494 16.272 16.177 16.113
 17.200 16.705 16.489 16.398 16.337
 17.400 16.915 16.706 16.618 16.561
 17.600 17.125 16.922 16.838 16.783
 17.800 17.334 17.137 17.056 17.005
 18.000 17.543 17.351 17.273 17.226
 18.200 17.752 17.564 17.490 17.446
 18.400 17.959 17.777 17.706 17.664
 18.600 18.166 17.990 17.923 17.884
 18.700 18.271 18.096 18.034 17.995
 18.800 18.378 18.206 18.146 18.107
 18.900 18.488 18.319 18.258 18.219
 19.000 18.595 18.438 18.374 18.343
 19.100 18.720 18.575 18.537 18.505
 19.200 18.867 18.745 18.719 18.684
 19.300 19.010 18.921 18.912 18.899
 19.400 19.126 19.040 19.035 19.021
 19.500 19.232 19.154 19.152 19.146
 19.600 19.336 19.265 19.265 19.254
 19.800 19.541 19.471 19.475 19.469
 20.000 19.734 19.667 19.674 19.659
 20.200 19.925 19.855 19.863 19.843
 20.400 20.113 20.040 20.045 20.016
 20.600 20.299 20.219 20.221 20.176
 20.800 20.481 20.395 20.390    NaN
 21.000 20.662 20.565 20.553    NaN
 21.200 20.840 20.732 20.710    NaN
 21.400 21.015 20.895 20.864    NaN
 21.600 21.188 21.055 21.012    NaN
 21.800 21.358 21.212    NaN    NaN
 22.000 21.526 21.367    NaN    NaN
