 13.100 12.035 11.637 11.341 11.143
 13.300 12.317 11.928 11.670 11.517
 13.500 12.585 12.208 11.981 11.855
 13.700 12.840 12.477 12.274 12.162
 13.900 13.087 12.736 12.550 12.450
 14.100 13.327 12.989 12.817 12.724
 14.300 13.562 13.237 13.074 12.988
 14.500 13.793 13.478 13.324 13.243
 14.700 14.020 13.716 13.569 13.492
 14.900 14.245 13.950 13.810 13.736
 15.100 14.467 14.182 14.046 13.977
 15.300 14.687 14.411 14.280 14.213
 15.500 14.905 14.638 14.511 14.447
 15.700 15.121 14.862 14.740 14.679
 15.900 15.337 15.085 14.967 14.908
 16.100 15.551 15.306 15.192 15.136
 16.300 15.765 15.526 15.415 15.363
 16.500 15.978 15.745 15.638 15.588
 16.700 16.189 15.963 15.860 15.812
 16.900 16.400 16.179 16.080 16.035
 17.100 16.611 16.395 16.301 16.257
 17.300 16.821 16.611 16.519 16.479
 17.500 17.030 16.824 16.737 16.699
 17.700 17.239 17.038 16.955 16.920
 18.000 17.552 17.358 17.280 17.249
 18.100 17.656 17.465 17.389 17.359
 18.200 17.760 17.570 17.497 17.468
 18.300 17.878 17.690 17.621 17.595
 18.400 17.999 17.815 17.746 17.732
 18.500 18.123 17.969 17.917 17.897
 18.600 18.264 18.140 18.098 18.098
 18.700 18.403 18.295 18.280 18.275
 18.800 18.530 18.435 18.416 18.422
 18.900 18.642 18.555 18.543 18.553
 19.000 18.750 18.667 18.658 18.671
 19.200 18.959 18.876 18.873 18.880
 19.400 19.153 19.069 19.061 19.074
 19.600 19.344 19.255 19.242 19.250
 19.800 19.533 19.438 19.421 19.426
 20.000 19.722 19.618 19.597 19.600
 20.200 19.909 19.796 19.771 19.772
 20.400 20.094 19.971 19.942 19.938
 20.600 20.278 20.143 20.108 20.097
 20.800 20.459 20.313 20.271 20.248
 21.000 20.637 20.479 20.429 20.389
 21.200 20.813 20.642 20.582    NaN
 21.400 20.986 20.801 20.731    NaN
 21.600 21.157 20.957 20.874    NaN
 21.800 21.323 21.109    NaN    NaN
 22.000 21.485 21.258    NaN    NaN
