 12.800 11.266 10.642 10.223  9.878
 13.000 11.575 10.990 10.634 10.349
 13.200 11.871 11.319 11.010 10.770
 13.400 12.154 11.629 11.351 11.141
 13.600 12.424 11.922 11.665 11.476
 13.800 12.685 12.203 11.959 11.786
 14.000 12.938 12.473 12.239 12.077
 14.200 13.185 12.735 12.507 12.354
 14.400 13.425 12.988 12.766 12.619
 14.600 13.661 13.236 13.017 12.876
 14.800 13.892 13.478 13.262 13.126
 15.000 14.119 13.715 13.502 13.370
 15.200 14.344 13.948 13.738 13.609
 15.400 14.565 14.177 13.970 13.844
 15.600 14.784 14.404 14.198 14.076
 15.800 15.001 14.627 14.424 14.304
 16.000 15.216 14.848 14.648 14.530
 16.200 15.428 15.067 14.870 14.754
 16.400 15.640 15.284 15.090 14.976
 16.600 15.849 15.499 15.308 15.196
 16.800 16.058 15.712 15.525 15.415
 17.000 16.265 15.924 15.741 15.632
 17.200 16.471 16.134 15.955 15.848
 17.300 16.574 16.239 16.062 15.956
 17.400 16.677 16.344 16.169 16.064
 17.500 16.779 16.446 16.274 16.173
 17.600 16.879 16.542 16.379 16.283
 17.700 17.008 16.695 16.536 16.448
 17.800 17.174 16.897 16.763 16.701
 17.900 17.321 17.070 16.941 16.876
 18.000 17.447 17.200 17.080 17.018
 18.100 17.558 17.313 17.199 17.135
 18.200 17.663 17.422 17.301 17.241
 18.400 17.857 17.616 17.501 17.445
 18.600 18.051 17.805 17.695 17.636
 18.800 18.240 17.988 17.874 17.811
 19.000 18.425 18.166 18.050 17.982
 19.200 18.607 18.339 18.221 18.150
 19.400 18.785 18.508 18.387 18.314
 19.600 18.961 18.672 18.549 18.472
 19.800 19.133 18.833 18.707 18.626
 20.000 19.303 18.990 18.860 18.775
 20.200 19.470 19.143 19.007 18.918
 20.400 19.634 19.293 19.150 19.054
 20.600 19.797 19.440 19.288 19.183
 20.800 19.957 19.585 19.420    NaN
 21.000 20.115 19.727 19.547    NaN
 21.200 20.272 19.867 19.669    NaN
 21.400 20.427 20.005    NaN    NaN
 21.600 20.580 20.141    NaN    NaN
