 13.100 11.812 11.186 11.021 10.911
 13.300 12.182 11.570 11.471 11.365
 13.500 12.511 11.926 11.867 11.765
 13.700 12.800 12.254 12.210 12.112
 13.900 13.065 12.562 12.520 12.429
 14.100 13.317 12.855 12.809 12.722
 14.300 13.559 13.133 13.082 13.000
 14.500 13.793 13.402 13.345 13.266
 14.700 14.022 13.661 13.598 13.524
 14.900 14.249 13.914 13.845 13.774
 15.100 14.471 14.161 14.086 14.018
 15.300 14.691 14.401 14.323 14.259
 15.500 14.910 14.637 14.557 14.495
 15.700 15.126 14.870 14.787 14.729
 15.900 15.342 15.099 15.016 14.961
 16.100 15.556 15.325 15.243 15.189
 16.300 15.770 15.548 15.468 15.416
 16.500 15.983 15.770 15.690 15.642
 16.700 16.195 15.989 15.913 15.866
 16.900 16.407 16.205 16.134 16.088
 17.100 16.618 16.421 16.354 16.310
 17.300 16.829 16.635 16.573 16.531
 17.500 17.038 16.848 16.792 16.751
 17.700 17.249 17.060 17.009 16.970
 17.900 17.458 17.270 17.227 17.189
 18.100 17.667 17.479 17.442 17.407
 18.200 17.772 17.584 17.550 17.516
 18.300 17.880 17.694 17.661 17.624
 18.400 17.992 17.818 17.780 17.746
 18.500 18.106 17.947 17.915 17.896
 18.600 18.257 18.130 18.121 18.102
 18.700 18.404 18.310 18.308 18.311
 18.800 18.529 18.448 18.458 18.462
 18.900 18.642 18.563 18.580 18.587
 19.000 18.749 18.673 18.694 18.703
 19.100 18.853 18.780 18.802 18.808
 19.300 19.054 18.984 19.005 19.014
 19.500 19.247 19.175 19.195 19.200
 19.700 19.439 19.361 19.378 19.383
 19.900 19.628 19.542 19.557 19.559
 20.100 19.815 19.721 19.731 19.728
 20.300 19.998 19.895 19.900 19.890
 20.500 20.180 20.068 20.066 20.046
 20.700 20.358 20.235 20.227 20.197
 20.900 20.534 20.401 20.384 20.344
 21.100 20.708 20.563 20.538    NaN
 21.300 20.880 20.722 20.686    NaN
 21.500 21.049 20.877 20.832    NaN
 21.700 21.217 21.030 20.973    NaN
 21.900 21.383 21.179 21.110    NaN
