 13.500 12.226 11.744 11.637 11.435
 13.700 12.561 12.098 11.992 11.833
 13.900 12.873 12.431 12.321 12.187
 14.100 13.162 12.743 12.630 12.510
 14.300 13.434 13.038 12.923 12.810
 14.500 13.693 13.319 13.203 13.095
 14.700 13.943 13.589 13.473 13.367
 14.900 14.185 13.850 13.734 13.629
 15.100 14.421 14.103 13.989 13.883
 15.300 14.652 14.350 14.237 14.131
 15.500 14.880 14.591 14.480 14.374
 15.700 15.104 14.828 14.719 14.613
 15.900 15.325 15.061 14.954 14.848
 16.100 15.544 15.291 15.186 15.080
 16.300 15.761 15.517 15.415 15.309
 16.500 15.976 15.741 15.642 15.537
 16.700 16.190 15.963 15.866 15.762
 16.900 16.402 16.182 16.089 15.986
 17.100 16.613 16.400 16.309 16.208
 17.300 16.824 16.616 16.528 16.429
 17.500 17.033 16.830 16.746 16.648
 17.700 17.241 17.043 16.962 16.867
 17.900 17.449 17.255 17.177 17.085
 18.100 17.657 17.466 17.392 17.301
 18.400 17.966 17.780 17.711 17.626
 18.500 18.069 17.884 17.817 17.733
 18.600 18.178 17.993 17.932 17.839
 18.700 18.290 18.106 18.046 17.955
 18.800 18.402 18.225 18.171 18.083
 18.900 18.520 18.361 18.305 18.229
 19.000 18.660 18.529 18.494 18.420
 19.100 18.803 18.694 18.665 18.619
 19.200 18.931 18.843 18.826 18.768
 19.300 19.045 18.962 18.951 18.894
 19.400 19.154 19.078 19.062 19.015
 19.600 19.361 19.289 19.275 19.225
 19.800 19.559 19.485 19.474 19.423
 20.000 19.752 19.674 19.660 19.611
 20.200 19.942 19.860 19.843 19.791
 20.400 20.129 20.039 20.020 19.962
 20.600 20.314 20.215 20.191 20.127
 20.800 20.496 20.388 20.358 20.286
 21.000 20.677 20.557 20.521 20.441
 21.200 20.855 20.723 20.680    NaN
 21.400 21.031 20.887 20.836    NaN
 21.600 21.206 21.048 20.988    NaN
 21.800 21.380 21.207 21.139    NaN
 22.000 21.552 21.365 21.285    NaN
 22.200 21.724 21.521    NaN    NaN
 22.400 21.894 21.678    NaN    NaN
 22.600 22.066 21.832    NaN    NaN
