 13.300 12.150 11.723 11.436 11.315
 13.500 12.449 12.038 11.805 11.675
 13.700 12.734 12.341 12.148 12.015
 13.900 13.005 12.631 12.466 12.333
 14.100 13.263 12.909 12.762 12.634
 14.300 13.513 13.177 13.043 12.921
 14.500 13.756 13.437 13.312 13.197
 14.700 13.993 13.690 13.572 13.464
 14.900 14.226 13.937 13.824 13.723
 15.100 14.455 14.179 14.071 13.975
 15.300 14.680 14.418 14.312 14.222
 15.500 14.903 14.652 14.550 14.465
 15.700 15.123 14.882 14.784 14.704
 15.900 15.342 15.111 15.014 14.939
 16.100 15.558 15.336 15.243 15.170
 16.300 15.773 15.558 15.468 15.399
 16.500 15.987 15.779 15.692 15.626
 16.700 16.200 15.998 15.914 15.851
 16.900 16.412 16.215 16.134 16.074
 17.100 16.622 16.431 16.353 16.295
 17.300 16.832 16.645 16.571 16.514
 17.500 17.041 16.858 16.789 16.732
 17.700 17.250 17.070 17.005 16.949
 18.000 17.562 17.385 17.327 17.272
 18.100 17.666 17.490 17.434 17.379
 18.200 17.771 17.603 17.545 17.491
 18.300 17.884 17.714 17.662 17.609
 18.400 17.998 17.831 17.778 17.734
 18.500 18.125 17.976 17.939 17.902
 18.600 18.280 18.159 18.141 18.127
 18.700 18.416 18.316 18.312 18.300
 18.800 18.530 18.440 18.443 18.430
 18.900 18.639 18.555 18.562 18.551
 19.000 18.743 18.663 18.667 18.658
 19.200 18.947 18.867 18.867 18.863
 19.400 19.143 19.060 19.061 19.042
 19.600 19.332 19.244 19.240 19.221
 19.800 19.519 19.426 19.418 19.394
 20.000 19.704 19.604 19.592 19.562
 20.200 19.888 19.778 19.763 19.724
 20.400 20.068 19.948 19.929 19.882
 20.600 20.247 20.115 20.090    NaN
 20.800 20.424 20.278 20.245    NaN
 21.000 20.599 20.438 20.393    NaN
 21.200 20.771 20.594 20.534    NaN
 21.400 20.941 20.748 20.667    NaN
 21.600 21.108 20.898    NaN    NaN
 21.800 21.273 21.046    NaN    NaN
 22.000 21.435 21.190    NaN    NaN
