 13.900 12.713 12.097 11.978 11.820
 14.100 13.035 12.492 12.328 12.180
 14.300 13.328 12.842 12.652 12.512
 14.500 13.594 13.148 12.950 12.819
 14.700 13.844 13.430 13.230 13.105
 14.900 14.085 13.694 13.498 13.379
 15.100 14.318 13.947 13.755 13.642
 15.300 14.546 14.191 14.005 13.896
 15.500 14.771 14.429 14.249 14.145
 15.700 14.991 14.663 14.489 14.388
 15.900 15.211 14.893 14.725 14.628
 16.100 15.427 15.119 14.957 14.864
 16.300 15.643 15.344 15.187 15.096
 16.500 15.858 15.565 15.414 15.327
 16.700 16.072 15.786 15.640 15.556
 16.900 16.284 16.005 15.865 15.782
 17.100 16.496 16.224 16.087 16.007
 17.300 16.707 16.440 16.308 16.231
 17.500 16.918 16.656 16.529 16.453
 17.700 17.129 16.871 16.749 16.674
 17.900 17.339 17.086 16.968 16.895
 18.100 17.549 17.300 17.185 17.115
 18.300 17.758 17.514 17.402 17.334
 18.500 17.967 17.726 17.619 17.552
 18.700 18.176 17.939 17.835 17.769
 18.900 18.387 18.152 18.053 17.982
 19.000 18.491 18.263 18.169 18.107
 19.100 18.597 18.373 18.284 18.223
 19.200 18.709 18.489 18.401 18.343
 19.300 18.831 18.618 18.539 18.484
 19.400 18.963 18.765 18.709 18.658
 19.500 19.113 18.939 18.890 18.843
 19.600 19.241 19.090 19.044 19.009
 19.700 19.353 19.211 19.176 19.150
 19.800 19.461 19.325 19.301 19.281
 19.900 19.569 19.435 19.414 19.396
 20.100 19.772 19.640 19.619 19.594
 20.300 19.966 19.834 19.812 19.786
 20.500 20.157 20.022 20.000 19.970
 20.700 20.344 20.201 20.181 20.145
 20.900 20.530 20.375 20.354 20.305
 21.100 20.712 20.545 20.522    NaN
 21.300 20.893 20.710 20.685    NaN
 21.500 21.070 20.871 20.845    NaN
 21.700 21.244 21.030    NaN    NaN
 21.900 21.415 21.187    NaN    NaN
