 12.500 11.365 10.872 10.727 10.519
 12.700 11.681 11.210 11.071 10.898
 12.900 11.978 11.528 11.394 11.251
 13.100 12.258 11.826 11.695 11.580
 13.300 12.520 12.106 11.977 11.883
 13.500 12.765 12.373 12.247 12.163
 13.700 13.001 12.629 12.505 12.429
 13.900 13.230 12.879 12.756 12.685
 14.100 13.455 13.121 13.001 12.934
 14.300 13.677 13.360 13.242 13.176
 14.500 13.897 13.595 13.478 13.415
 14.700 14.114 13.826 13.712 13.650
 14.900 14.330 14.054 13.942 13.884
 15.100 14.544 14.280 14.172 14.114
 15.300 14.758 14.504 14.399 14.343
 15.500 14.971 14.727 14.623 14.570
 15.700 15.184 14.947 14.848 14.796
 15.900 15.394 15.167 15.071 15.020
 16.100 15.606 15.386 15.294 15.245
 16.300 15.816 15.603 15.514 15.468
 16.500 16.027 15.819 15.735 15.691
 16.700 16.237 16.036 15.954 15.912
 16.900 16.447 16.250 16.174 16.133
 17.100 16.656 16.465 16.391 16.354
 17.300 16.866 16.679 16.609 16.575
 17.500 17.075 16.892 16.827 16.795
 17.600 17.179 16.998 16.936 16.905
 17.700 17.284 17.105 17.044 17.015
 17.800 17.388 17.211 17.153 17.125
 17.900 17.504 17.333 17.281 17.258
 18.000 17.624 17.469 17.432 17.398
 18.100 17.754 17.617 17.597 17.576
 18.200 17.898 17.784 17.771 17.767
 18.300 18.021 17.931 17.919 17.921
 18.400 18.140 18.060 18.061 18.060
 18.500 18.254 18.180 18.184 18.198
 18.700 18.462 18.395 18.402 18.419
 18.900 18.659 18.594 18.598 18.607
 19.100 18.852 18.784 18.783 18.794
 19.300 19.046 18.972 18.971 18.977
 19.500 19.236 19.154 19.150 19.153
 19.700 19.423 19.333 19.324 19.325
 19.900 19.608 19.508 19.493 19.490
 20.100 19.790 19.680 19.658 19.652
 20.300 19.970 19.848 19.819 19.807
 20.500 20.148 20.013 19.976 19.959
 20.700 20.325 20.177 20.129    NaN
 20.900 20.499 20.338 20.280    NaN
 21.100 20.672 20.497 20.427    NaN
 21.300 20.843 20.654 20.572    NaN
 21.500 21.014 20.810 20.716    NaN
 21.700 21.183 20.965    NaN    NaN
 21.900 21.352 21.119    NaN    NaN
 22.100 21.519 21.273    NaN    NaN
 22.300 21.687 21.428    NaN    NaN
 22.500 21.854 21.582    NaN    NaN
