 14.600 13.329 12.700 12.412 12.232
 14.800 13.582 13.002 12.732 12.566
 15.000 13.832 13.295 13.041 12.887
 15.200 14.077 13.580 13.341 13.197
 15.400 14.318 13.858 13.630 13.494
 15.600 14.555 14.127 13.909 13.781
 15.800 14.788 14.386 14.176 14.057
 16.000 15.018 14.638 14.435 14.322
 16.200 15.243 14.882 14.686 14.578
 16.400 15.464 15.117 14.928 14.826
 16.600 15.682 15.346 15.161 15.064
 16.800 15.896 15.569 15.388 15.295
 17.000 16.106 15.784 15.608 15.519
 17.200 16.316 15.993 15.825 15.738
 17.400 16.530 16.206 16.043 15.961
 17.600 16.740 16.422 16.263 16.171
 17.780 16.932 16.622 16.454 16.365
 17.860 17.021 16.715 16.550 16.463
 17.880 17.044 16.740 16.576 16.490
 17.900 17.077 16.778 16.618 16.535
 17.900 17.104 16.818 16.668 16.590
 17.880 17.109 16.834 16.692 16.619
 17.840 17.100 16.839 16.707 16.642
 17.740 17.056 16.821 16.708 16.655
 17.700 17.040 16.815 16.710 16.662
 17.680 17.036 16.819 16.719 16.675
 17.680 17.055 16.847 16.753 16.714
 17.700 17.083 16.878 16.787 16.749
 17.740 17.131 16.930 16.842 16.805
 17.820 17.220 17.023 16.938 16.903
 17.900 17.306 17.108 17.023 16.979
 18.100 17.509 17.312 17.233 17.189
 18.300 17.702 17.505 17.421 17.378
 18.500 17.887 17.686 17.603 17.555
 18.700 18.071 17.861 17.773 17.721
 18.900 18.250 18.030 17.936 17.880
 19.100 18.424 18.193 18.093 18.033
 19.300 18.595 18.352 18.246 18.179
 19.500 18.761 18.505 18.391 18.318
 19.700 18.924 18.655 18.531 18.453
 19.900 19.085 18.799 18.667 18.582
 20.100 19.243 18.939 18.798 18.705
 20.300 19.400 19.076 18.924 18.824
 20.500 19.556 19.209 19.045 18.937
 20.700 19.711 19.340 19.162 19.047
 20.900 19.866 19.466 19.275 19.151
 21.100 20.022 19.591 19.386 19.251
 21.300 20.180 19.712 19.492 19.347
 21.500 20.339 19.832 19.595 19.440
 21.700 20.500 19.949 19.695 19.530
 21.900 20.664 20.066 19.792 19.616
 22.100 20.831 20.180 19.886 19.698
 22.300 21.002 20.294 19.979 19.778
