 13.600 12.721 12.279 12.172 12.129
 13.800 12.975 12.585 12.457 12.401
 14.000 13.222 12.871 12.732 12.667
 14.200 13.460 13.139 12.997 12.926
 14.400 13.694 13.393 13.253 13.180
 14.600 13.922 13.639 13.501 13.430
 14.800 14.148 13.877 13.744 13.675
 15.000 14.370 14.111 13.983 13.917
 15.200 14.590 14.340 14.218 14.154
 15.400 14.807 14.566 14.449 14.389
 15.600 15.024 14.788 14.677 14.621
 15.800 15.238 15.010 14.903 14.851
 16.000 15.452 15.229 15.127 15.077
 16.200 15.663 15.446 15.348 15.302
 16.400 15.875 15.662 15.569 15.524
 16.600 16.086 15.877 15.788 15.746
 16.800 16.295 16.092 16.005 15.965
 17.000 16.505 16.305 16.221 16.182
 17.200 16.713 16.517 16.437 16.399
 17.500 17.025 16.834 16.758 16.721
 17.600 17.130 16.942 16.867 16.828
 17.700 17.236 17.051 16.981 16.947
 17.800 17.343 17.161 17.091 17.062
 17.900 17.453 17.277 17.211 17.184
 18.000 17.576 17.409 17.355 17.329
 18.100 17.733 17.612 17.573 17.573
 18.200 17.880 17.777 17.755 17.755
 18.300 18.000 17.907 17.890 17.895
 18.400 18.109 18.021 18.009 18.015
 18.500 18.213 18.130 18.121 18.126
 18.700 18.418 18.335 18.328 18.333
 18.900 18.614 18.531 18.522 18.527
 19.100 18.805 18.717 18.706 18.708
 19.300 18.994 18.900 18.886 18.886
 19.500 19.180 19.079 19.061 19.059
 19.700 19.363 19.254 19.230 19.227
 19.900 19.543 19.425 19.395 19.390
 20.100 19.722 19.593 19.556 19.548
 20.300 19.898 19.758 19.713 19.700
 20.500 20.071 19.918 19.866 19.847
 20.700 20.243 20.076 20.015 19.989
 20.900 20.413 20.231 20.160 20.125
 21.100 20.580 20.382 20.302 20.256
 21.300 20.746 20.531 20.441 20.381
 21.500 20.909 20.677 20.577 20.502
 21.700 21.071 20.820 20.710    NaN
 21.900 21.231 20.962 20.840    NaN
 22.100 21.389 21.101 20.969    NaN
 22.300 21.545 21.237    NaN    NaN
 22.500 21.700 21.372    NaN    NaN
